1 91.135737 -11.829279 -27.732139 -21.029703 -22.152578 -8.392038
4 18.455978 1.032939 -1.400353 23.725036 -27.210442 -14.603158
1 80.511194 -34.827438 6.798198 22.320271 -32.974522 -41.827684
5 25.056674 32.435729 -52.530382 -89.230979 77.606550 6.662377
4 9.276185 2.612687 -15.868565 22.342089 -4.629816 -13.732582
4 37.841941 -1.534127 -14.534287 45.601527 -61.075776 -6.299216
1 100.553672 28.057527 8.165047 -102.393578 19.203952 -53.586849
1 5.370724 -4.850768 -0.525347 4.544002 -3.823718 -0.714893
1 4.558970 -1.390291 -1.557836 -5.560222 3.478595 0.470801
1 8.781713 -1.368674 -2.677796 5.700786 -10.109523 -0.326506
4 -2.680562 3.673454 -10.284554 14.591915 -7.676620 2.376366
2 -31.373466 103.891193 -45.343886 -79.904649 -34.029283 86.759979
2 -31.029139 41.010070 -44.415599 23.171093 19.377692 -8.114108
2 -13.513627 48.014673 -8.644435 -25.945092 1.698439 -1.609943
4 -15.375854 4.784142 -6.889433 20.156441 -2.684068 0.008749
6 -62.738973 18.984557 34.848094 -34.316341 6.160716 37.061927
4 3.685944 18.344307 -20.264847 31.502192 -25.521202 -7.746437
2 1.882570 7.915820 -7.463505 0.050400 -7.415398 5.030114
2 3.179696 6.788615 -4.263012 -9.323565 -2.116265 5.734530
2 3.160438 16.330854 -3.216545 -23.451841 -0.637981 7.815074
4 4.522076 -21.326118 9.946215 11.820682 -0.674874 -4.288040
3 -7.466394 8.242276 54.329661 -25.463313 -25.296247 -4.345979
3 -61.053488 -41.126599 95.305798 48.931933 -12.673782 -29.383856
3 -24.892204 3.889533 66.573224 -21.409064 -0.851961 -23.309524
3 1.207897 -10.603516 89.506373 -18.032253 -26.580037 -35.498440
2 -13.834080 42.145124 -9.571210 -14.935326 4.463263 -8.267773
3 1.092212 -1.233570 2.491546 -2.161862 1.453948 -1.642274
3 3.797681 -3.597626 6.792853 2.523670 -7.317007 -2.199582
3 1.095134 -8.083907 8.933019 1.531631 -0.130500 -3.345378
3 3.316964 -6.773135 8.173246 -4.652158 -6.754290 6.689395
4 -8.735944 -7.220892 -2.006216 51.176484 -21.072056 -12.141375
4 -46.645234 -59.269713 5.069757 186.123178 -30.250860 -55.027516
4 -34.601373 -30.444353 8.895776 111.602203 -23.697765 -31.754464
4 5.028260 1.705046 1.123036 43.055183 -8.766439 -42.145110
4 -1.031709 -9.391344 2.608890 19.167192 -7.052109 -4.300920
4 -3.008486 0.082783 2.082530 9.425778 -7.269072 -1.313533
1 7.956162 -5.184887 1.715416 5.719575 -11.504684 1.298414
4 -7.609212 -9.153767 0.525999 19.124159 -3.696520 0.809358
2 -2.814938 4.932067 -1.482211 -6.010160 1.933856 3.441374
4 -4.379683 -0.131568 2.111335 8.513888 -2.470067 -3.643904
6 -7.205433 2.299137 -2.245265 0.202107 -2.175047 9.124478
4 -148.509465 3.568909 -11.449357 142.167918 19.465322 -5.243736
6 -16.455929 12.087477 -34.739633 8.536973 4.736377 25.834734
5 -37.219925 50.518108 -14.514754 -73.201208 72.456743 1.960970
2 -29.470731 44.059019 -2.672090 -7.997907 -13.923108 10.004817
2 -4.845799 5.539986 0.436919 -0.183478 1.293959 -2.241598
5 -1.724208 2.359831 -4.386198 1.647013 5.250773 -3.147211
5 -1.522833 -1.592943 -6.545506 2.975513 4.906819 1.778949
5 -0.997979 -3.409870 0.165277 -0.901216 4.011761 1.132027
5 0.480245 -1.591155 -3.264769 -7.229998 10.998375 0.607303
6 1.508253 2.284990 -11.192118 3.015043 -5.664200 10.048032
6 4.613740 -4.448863 -7.539098 -7.465451 1.541920 13.297729
2 -2.814938 4.932067 -1.482211 -6.010160 1.933856 3.441374
6 -2.258966 2.293047 -11.394502 -0.898619 4.492139 7.766889
6 1.463555 2.565858 -5.717044 -8.180960 -2.696481 12.565072
6 -18.962064 -2.166960 -30.470616 -5.345038 -0.492686 57.437332
4 -22.399664 2.188919 -22.449698 82.104173 -47.436004 7.992074
6 6.760418 1.801929 -46.850756 -26.040659 -17.060766 81.389810
2 -1.859692 25.082815 -11.206196 -15.537411 -5.494925 9.015369
6 -1.456848 36.697967 -23.476820 -72.502009 -17.670700 78.408437
